A = [ 3 8 5
      6 4 7 ];
  
B = [ 2 2 3 4 5
      5 5 2 4 5 ];

C = [ 3
      4
      6 ];
 
A
B

A * C