
function Y = fungsi(x)
    Y = 1.9520e-14 .* (x.^4)  - 9.5838e-11 .* (x.^3) + 9.7215e-8 .* (x.^2) + 1.671e-4 .* x + 0.99403 - 1.2;
end